a 30 40 50 60
addx 30 40 50 60
ai 30 40 50 60
and 30 40 50 60
andbi 30 40 50 60
andc 30 40 50 60
ceq 30 40 50 60
ceqb 30 40 50 60
ceqbi 30 40 50 60
ceqi 30 40 50 60
cgtb 30 40 50 60
cgtbi 30 40 50 60
cgti 30 40 50 60
clgtb 30 40 50 60
clgtbi 30 40 50 60
il 30 40 50 60
ila 30 40 50 60
ilh 30 40 50 60
nand 30 40 50 60
nor 30 40 50 60
or 30 40 50 60
orc 30 40 50 60
ori 30 40 50 60
sf 30 40 50 60
sfi 30 40 50 60
sfx 30 40 50 60
xor 30 40 50 60
xorbi 30 40 50 60
xori 30 40 50 60
xsbh 30 40 50 60
xshw 30 40 50 60
xswd 30 40 50 60
absdb 30 40 50 60
avgb 30 40 50 60
cntb 30 40 50 60
sumb 30 40 50 60
rot 30 40 50 60
rotm 30 40 50 60
shl 30 40 50 60
shli 30 40 50 60
bi 30 40 50 60
bisl 30 40 50 60
br 30 40 50 60
bra 30 40 50 60
brasl 30 40 50 60
brsl 30 40 50 60
rotqby 30 40 50 60
rotqbyi 30 40 50 60
rotqmby 30 40 50 60
rotqmbyi 30 40 50 60
shlqby 30 40 50 60
shlqbyi 30 40 50 60
fa 30 40 50 60
fm 30 40 50 60
fma 30 40 50 60
fms 30 40 50 60
fs 30 40 50 60
lqa 30 40 50 60
lqx 30 40 50 60
stqa 30 40 50 60
stqx 30 40 50 60
mpy 30 40 50 60
mpya 30 40 50 60
mpyi 30 40 50 60
mpys 30 40 50 60
mpyu 30 40 50 60
mpyui 30 40 50 60
brnz 30 40 50 60
brz 30 40 50 60
onop 30 40 50 60
enop 30 40 50 60
